grids/plot_asc_grid.asc
ncols	51
nrows	46
xllcorner	-126.000
yllcorner	45.000
cellsize	0.100
NODATA_value	-9999.000
2.310 5.985 9.308 11.963 13.949 15.267 15.365 13.613 11.860 10.108 8.355 6.602 6.406 6.696 6.961 7.203 7.420 7.613 7.781 7.926 8.046 8.142 8.213 8.261 8.284 8.283 8.257 8.207 6.243 6.344 6.380 6.351 6.256 6.096 5.870 5.579 5.223 4.801 4.314 3.762 3.144 2.757 2.586 2.401 2.201 1.988 1.760 1.518 1.455 1.449 1.442
2.484 2.430 2.377 4.280 6.897 8.845 10.125 10.736 10.678 9.008 7.255 5.503 5.041 5.127 5.189 5.227 5.240 5.229 5.193 5.134 5.050 4.942 4.809 4.653 4.472 4.267 4.037 3.783 3.167 3.471 3.710 3.884 3.992 4.035 4.012 3.924 3.771 3.552 3.268 2.919 2.504 2.288 2.160 2.017 1.861 1.690 1.505 1.305 1.285 1.279 1.272
2.658 2.604 2.551 2.497 2.444 3.092 5.001 6.243 6.816 6.720 5.956 4.403 3.702 3.584 3.441 3.275 3.084 2.869 2.629 2.271 1.668 1.638 1.608 1.578 1.548 1.518 1.488 1.440 0.629 0.851 0.983 1.482 1.794 2.039 2.220 2.335 2.385 2.369 2.288 2.142 1.930 1.833 1.748 1.648 1.534 1.406 1.264 1.122 1.115 1.109 1.102
2.832 2.778 2.725 2.671 2.618 2.564 2.510 2.457 3.621 4.156 4.022 3.220 2.227 2.153 2.087 2.021 1.955 1.889 1.823 1.721 1.631 1.577 1.547 1.517 1.487 1.456 1.376 0.799 0.578 1.025 1.917 2.146 1.206 0.266 -0.268 0.109 0.650 1.192 1.373 1.430 1.421 1.393 1.350 1.293 1.222 1.136 1.037 0.952 0.945 0.939 0.932
3.006 2.952 2.899 2.845 2.792 2.738 2.684 2.631 2.577 2.523 2.757 2.429 2.329 2.229 2.155 2.082 2.015 1.949 1.844 1.738 1.645 1.560 1.486 1.456 1.392 1.312 1.066 0.824 0.673 1.322 1.684 1.637 1.614 1.600 1.082 0.446 -0.183 -0.203 0.424 0.977 0.957 0.953 0.952 0.945 0.924 0.881 0.824 0.782 0.775 0.778 0.814
3.595 3.503 3.412 3.320 3.228 3.137 3.045 2.953 2.862 2.770 2.678 2.501 2.360 2.260 2.168 2.093 2.020 1.934 1.830 1.723 1.614 1.522 1.437 1.345 1.265 1.183 1.093 1.025 0.965 0.908 0.860 0.813 0.777 0.402 0.388 0.594 0.574 0.584 0.680 0.660 0.640 0.630 0.630 0.630 0.630 0.625 0.618 0.689 0.726 0.771 0.825
4.599 4.431 4.263 4.096 3.928 3.760 3.592 3.425 3.257 3.089 2.921 2.706 2.442 2.220 2.128 2.045 1.964 1.878 1.778 1.676 1.567 1.454 1.347 1.248 1.148 1.063 0.973 0.880 0.795 0.738 0.685 0.633 1.132 0.570 -0.277 0.122 0.191 0.404 0.500 0.480 0.460 0.450 0.450 0.450 0.450 0.450 0.448 0.637 0.692 0.756 0.827
7.102 6.723 6.344 5.966 5.587 5.208 4.829 4.451 4.072 3.693 3.314 2.914 2.612 2.348 2.147 2.049 1.966 1.858 1.750 1.650 1.537 1.420 1.307 1.205 1.114 1.029 0.921 0.814 0.678 0.560 0.491 0.438 0.975 1.128 0.657 0.348 0.379 0.511 0.340 0.320 0.300 0.290 0.290 0.290 0.290 0.290 0.290 0.551 0.651 0.732 0.821
11.103 10.379 9.654 8.929 8.205 7.480 6.756 6.031 5.306 4.582 3.857 3.284 2.863 2.482 2.280 2.140 2.014 1.906 1.774 1.650 1.537 1.410 1.287 1.185 1.093 0.999 0.855 0.682 0.538 0.420 0.321 0.243 0.536 0.523 0.509 0.377 0.693 0.052 0.200 0.180 0.160 0.150 0.150 0.150 0.150 0.150 0.150 0.381 0.601 0.700 0.807
8.460 7.955 7.450 6.946 6.441 5.936 5.431 4.927 4.422 3.917 3.412 3.460 3.294 2.873 1.900 0.836 0.696 1.949 1.812 1.679 1.541 1.410 1.283 1.173 1.078 0.972 0.787 0.613 0.440 0.412 0.390 0.202 0.083 0.070 0.057 0.076 -0.031 -0.155 -0.164 -0.184 -0.085 -0.217 -0.399 -0.399 0.010 0.010 0.010 0.226 0.542 0.659 0.785
-0.829 -0.548 -0.267 0.014 0.295 0.576 0.856 1.137 1.418 1.699 1.980 2.420 3.020 3.365 2.391 1.997 1.550 2.009 1.855 1.706 1.568 1.424 1.283 1.173 1.044 0.904 0.702 0.520 0.398 0.372 0.164 0.062 -0.079 -0.230 -0.157 -0.064 -0.041 -0.236 -0.482 -0.415 -0.225 -0.357 -0.644 -0.589 -0.130 -0.130 -0.130 0.086 0.476 0.611 0.754
-6.500 -5.767 -5.033 -4.300 -3.567 -2.833 -2.100 -1.367 -0.633 0.100 0.833 1.607 2.260 2.860 3.353 2.828 2.455 2.071 1.917 1.767 1.665 1.515 1.370 1.210 1.036 0.872 0.650 0.499 0.397 0.249 0.110 -0.010 -0.034 -0.316 -0.267 -0.086 -0.038 -0.077 -0.180 -0.200 -0.220 -0.230 -0.230 -0.230 -0.194 -0.194 -0.204 -0.054 0.401 0.553 0.714
-8.554 -7.702 -6.849 -5.996 -5.143 -4.290 -3.438 -2.585 -1.732 -0.879 -0.026 0.807 1.620 2.380 2.861 2.763 2.618 2.460 1.994 1.954 1.852 1.686 1.526 1.366 1.174 0.968 0.767 0.603 0.449 0.301 0.106 -0.070 -0.094 -0.581 -0.338 -0.146 -0.157 -0.177 -0.240 -0.260 -0.280 -0.290 -0.290 -0.290 -0.181 -0.212 -0.264 -0.194 0.253 0.488 0.667
-8.937 -8.109 -7.282 -6.455 -5.627 -4.800 -3.973 -3.146 -2.318 -1.491 -0.664 0.050 0.810 1.623 2.438 2.638 2.633 2.267 2.251 2.170 1.870 1.772 1.652 1.438 1.233 1.030 0.784 0.621 0.462 0.133 -0.062 -0.192 -0.503 -0.863 -0.466 -0.294 -0.314 -0.334 -0.357 -0.377 -0.378 -0.350 -0.350 -0.350 -0.251 -0.272 -0.324 -0.256 0.097 0.414 0.611
-7.647 -6.990 -6.333 -5.676 -5.019 -4.363 -3.706 -3.049 -2.392 -1.735 -1.078 -0.450 0.150 0.803 1.618 2.435 3.046 1.926 2.271 2.364 2.056 1.870 1.657 1.313 1.151 0.919 0.728 0.426 0.293 0.137 -0.255 0.305 -0.557 -0.641 -0.495 -0.448 -0.482 -0.404 -0.384 -0.495 -0.438 -0.410 -0.410 -0.410 -0.377 -0.377 -0.384 -0.316 -0.043 0.332 0.546
-7.605 -7.000 -6.394 -5.789 -5.184 -4.579 -3.974 -3.368 -2.763 -2.158 -1.553 -1.122 -0.745 -0.145 1.056 1.873 2.244 1.616 2.218 2.583 2.366 2.128 1.915 1.727 1.403 0.987 0.887 0.589 0.364 0.477 0.428 0.356 -0.218 -0.319 -0.336 -0.498 -0.609 -0.556 -0.454 -0.439 -0.451 -0.457 -0.457 -0.457 -0.457 -0.457 -0.457 -0.376 -0.183 0.241 0.474
-8.811 -8.138 -7.466 -6.794 -6.121 -5.449 -4.776 -4.104 -3.431 -2.759 -2.086 -1.622 -1.367 -1.103 0.501 1.180 1.203 1.735 2.744 2.781 2.610 2.299 2.012 1.984 1.661 1.319 1.036 0.790 0.543 0.489 0.388 0.400 -0.186 -0.266 -0.346 -0.484 -0.653 -0.821 -0.570 -0.513 -0.486 -0.493 -0.493 -0.493 -0.493 -0.493 -0.493 -0.424 -0.248 0.125 0.393
-8.754 -8.111 -7.468 -6.824 -6.181 -5.538 -4.895 -4.251 -3.608 -2.965 -2.322 -1.774 -1.214 -0.619 -0.293 -0.052 0.614 2.258 2.897 2.914 2.731 2.402 2.091 2.166 1.840 1.473 1.120 0.850 0.603 0.501 0.544 0.596 -0.200 -0.280 -0.360 -0.495 -0.691 -0.867 -0.521 -0.525 -0.532 -0.522 -0.515 -0.515 -0.515 -0.515 -0.515 -0.459 -0.308 -0.031 0.303
-7.435 -6.917 -6.399 -5.882 -5.364 -4.847 -4.329 -3.812 -3.294 -2.776 -2.259 -1.774 -1.321 -0.833 -0.507 -0.450 -0.252 1.506 2.190 2.985 2.802 2.419 2.053 1.919 1.753 1.533 1.180 0.840 0.523 0.421 0.371 0.125 -0.280 -0.360 -0.440 -0.574 -0.764 -0.816 -0.586 -0.582 -0.582 -0.572 -0.545 -0.525 -0.525 -0.525 -0.525 -0.477 -0.358 -0.171 0.205
-6.941 -6.471 -6.000 -5.529 -5.059 -4.588 -4.118 -3.647 -3.176 -2.706 -2.235 -1.750 -1.286 -0.833 -0.491 -0.259 -0.310 0.579 0.776 1.807 2.769 2.495 2.112 1.823 1.660 1.493 1.059 0.716 0.376 0.259 0.078 -0.116 -0.418 -0.498 -0.188 -0.654 -0.699 -0.737 -0.310 -0.227 -0.300 -0.724 -0.698 -0.671 -0.538 -0.535 -0.535 -0.487 -0.390 -0.240 0.099
-7.274 -6.772 -6.269 -5.767 -5.265 -4.763 -4.260 -3.758 -3.256 -2.753 -2.251 -1.750 -1.250 -0.762 -0.420 -0.636 -0.233 0.143 0.638 1.784 2.240 2.249 2.176 1.867 1.711 1.553 1.119 0.416 0.068 -0.105 -0.106 -0.260 0.008 0.475 -0.268 -0.686 -0.653 -0.707 -0.390 -0.068 0.052 -0.776 -0.953 -0.707 -0.568 -0.555 -0.545 -0.502 -0.400 -0.292 -0.015
-7.621 -7.083 -6.545 -6.008 -5.470 -4.932 -4.395 -3.857 -3.319 -2.782 -2.244 -1.672 -1.146 -0.646 -0.074 0.525 1.108 0.979 0.943 1.937 2.449 1.343 1.588 1.793 1.633 1.478 0.946 0.304 -0.009 -0.282 -0.309 -0.391 -0.478 -0.726 -0.897 -0.654 -0.672 -0.757 -0.487 -0.572 -0.385 -0.796 -0.774 -0.586 -0.552 -0.538 -0.525 -0.511 -0.580 -0.314 -0.160
-7.981 -7.405 -6.828 -6.251 -5.674 -5.097 -4.521 -3.944 -3.367 -2.790 -2.213 -1.622 -1.017 -0.437 0.135 0.779 1.408 1.025 0.437 1.829 2.362 1.785 1.410 1.614 1.444 1.278 0.479 0.311 0.646 -0.385 -0.339 -0.456 -0.373 -0.553 -0.795 -0.603 -0.752 -0.366 -0.708 -0.743 -0.739 -0.714 -0.577 -0.596 -0.452 -0.475 -0.504 -0.458 -0.432 -0.472 -0.226
-8.374 -7.756 -7.138 -6.520 -5.903 -5.285 -4.667 -4.050 -3.432 -2.814 -2.196 -1.551 -0.929 -0.324 0.290 0.929 1.573 1.247 0.186 1.760 2.084 1.532 1.522 1.341 1.171 1.001 0.206 -0.100 -0.664 -0.253 -0.466 -0.649 -0.470 -0.328 -0.536 -0.708 -0.761 -0.797 -0.750 -0.732 -0.716 -0.657 -0.604 -0.602 -0.406 -0.417 -0.512 -0.466 -0.293 -0.545 -0.364
-8.797 -8.136 -7.476 -6.816 -6.155 -5.495 -4.834 -4.174 -3.514 -2.853 -2.193 -1.526 -0.854 -0.199 0.415 1.036 1.664 1.416 1.588 1.759 2.072 1.385 1.487 1.171 0.804 0.789 0.126 0.164 0.087 -0.626 -0.602 -0.857 -0.622 -0.558 -0.586 -0.625 -0.778 -0.903 -0.750 -0.730 -0.711 -0.668 -0.641 -0.615 -0.635 -0.610 -0.535 -0.484 -0.561 -0.505 -0.238
-9.302 -8.590 -7.878 -7.166 -6.453 -5.741 -5.029 -4.317 -3.605 -2.893 -2.181 -1.422 -0.717 -0.044 0.540 1.130 1.751 1.954 2.005 2.177 1.726 1.198 1.275 1.048 0.437 0.302 0.043 0.058 0.073 -0.308 -0.752 0.225 -0.864 -0.725 -0.687 -0.814 -0.793 -0.771 -0.747 -0.725 -0.705 -0.685 -0.660 -0.633 -0.746 -0.706 -0.625 -0.580 -0.543 -0.339 -0.235
-9.889 -9.116 -8.343 -7.570 -6.798 -6.025 -5.252 -4.480 -3.707 -2.934 -2.161 -1.372 -0.567 0.206 0.790 1.286 1.813 2.016 1.799 1.594 1.090 1.061 0.856 1.128 0.800 0.438 0.264 0.024 -0.127 -0.397 -0.611 -0.546 -0.848 -0.791 -0.774 -0.814 -0.793 -0.771 -0.747 -0.720 -0.695 -0.675 -0.655 -0.633 -0.660 -0.653 -0.635 -0.581 -0.439 -0.329 -0.219
-9.979 -9.193 -8.407 -7.621 -6.834 -6.048 -5.262 -4.476 -3.690 -2.904 -2.118 -1.357 -0.569 0.236 0.897 1.399 1.895 2.026 1.791 1.579 1.037 0.933 1.078 0.826 0.526 0.387 0.226 -0.014 -0.254 0.110 -0.389 -0.602 -0.614 -0.695 -0.777 -0.841 -0.888 -0.924 -0.745 -0.717 -0.691 -0.666 -0.645 -0.625 -0.612 -0.605 -0.598 -0.540 -0.429 -0.325 -0.169
-9.573 -8.820 -8.068 -7.316 -6.564 -5.812 -5.060 -4.308 -3.555 -2.803 -2.051 -1.307 -0.572 0.181 0.842 1.359 1.871 2.002 1.620 1.700 1.150 0.448 0.219 -0.006 0.160 0.327 0.066 -0.322 -0.386 0.022 -0.734 -0.832 -0.752 -0.734 -0.761 -0.825 -0.830 -0.818 -0.745 -0.715 -0.686 -0.661 -0.637 -0.615 -0.602 -0.595 -0.588 -0.530 -0.420 -0.325 -0.157
-9.287 -8.557 -7.828 -7.098 -6.368 -5.638 -4.909 -4.179 -3.449 -2.720 -1.990 -1.293 -0.575 0.160 0.782 1.297 1.814 2.149 2.247 2.327 1.370 0.682 1.024 0.454 0.302 0.334 0.006 -0.630 -0.394 -0.441 -0.671 -0.662 -0.663 -0.711 -0.759 -0.692 -0.679 -0.698 -0.742 -0.715 -0.685 -0.655 -0.630 -0.607 -0.592 -0.585 -0.578 -0.520 -0.415 -0.323 -0.155
-9.122 -8.403 -7.685 -6.966 -6.247 -5.528 -4.810 -4.091 -3.372 -2.653 -1.934 -1.243 -0.578 0.105 0.727 1.235 1.746 2.081 2.233 2.368 1.832 1.101 0.855 0.936 0.569 0.274 -0.054 -0.290 -0.424 -0.410 -0.491 -0.669 -0.736 -0.716 -0.739 -0.672 -0.604 -0.678 -0.722 -0.705 -0.685 -0.655 -0.625 -0.597 -0.582 -0.575 -0.568 -0.512 -0.415 -0.319 -0.165
-8.361 -7.703 -7.046 -6.388 -5.730 -5.072 -4.414 -3.756 -3.099 -2.441 -1.783 -1.190 -0.560 0.105 0.720 1.242 1.751 2.071 2.218 2.371 2.276 1.550 0.767 1.251 0.884 0.517 -0.020 -0.200 -0.380 -0.348 -0.518 -0.696 -0.785 -0.769 -0.749 -0.787 -0.762 -0.777 -0.497 -0.481 -0.537 -0.653 -0.625 -0.595 -0.575 -0.567 -0.561 -0.507 -0.415 -0.267 -0.185
-7.004 -6.457 -5.910 -5.364 -4.817 -4.270 -3.723 -3.176 -2.630 -2.083 -1.536 -0.999 -0.471 0.090 0.705 1.270 1.821 2.141 2.272 2.408 2.504 1.973 0.989 1.352 1.032 0.602 -0.400 -0.580 -0.402 -0.338 -0.483 -0.637 -0.725 -0.724 -0.719 -0.757 -0.853 -0.671 -0.158 -0.272 -0.524 -0.640 -0.618 -0.595 -0.575 -0.565 -0.556 -0.505 -0.414 -0.216 -0.217
-6.473 -5.964 -5.454 -4.945 -4.436 -3.926 -3.417 -2.908 -2.398 -1.889 -1.380 -0.863 -0.337 0.190 0.729 1.290 1.855 2.178 2.297 2.428 2.562 2.132 1.531 1.495 1.175 -0.052 -0.410 -0.499 0.070 -0.420 -0.330 -0.475 -0.688 -0.690 -0.689 -0.739 -0.841 -0.689 -0.262 -0.130 -0.468 -0.631 -0.612 -0.591 -0.575 -0.565 -0.555 -0.505 -0.412 -0.165 -0.259
-6.769 -6.223 -5.678 -5.132 -4.587 -4.041 -3.496 -2.951 -2.405 -1.860 -1.314 -0.780 -0.257 0.267 0.806 1.356 1.910 2.233 2.314 2.408 2.560 2.425 1.764 1.415 1.048 0.284 0.072 -0.019 0.175 -0.746 -0.055 -0.627 -0.662 -0.672 -0.679 -0.729 -0.831 -0.725 -0.348 -0.344 -0.455 -0.618 -0.605 -0.591 -0.575 -0.565 -0.555 -0.505 -0.410 -0.174 -0.312
-6.651 -6.103 -5.556 -5.008 -4.460 -3.912 -3.365 -2.817 -2.269 -1.722 -1.174 -0.650 -0.133 0.390 0.909 1.450 2.000 2.254 2.304 2.385 1.857 2.684 1.783 1.155 0.788 0.498 0.235 -0.040 -0.228 -0.023 -0.202 -0.373 -0.718 -0.728 -0.738 -0.695 -0.754 -0.732 -0.614 -0.610 -0.607 -0.603 -0.592 -0.580 -0.573 -0.565 -0.555 -0.505 -0.367 -0.205 -0.376
-6.121 -5.604 -5.088 -4.572 -4.056 -3.539 -3.023 -2.507 -1.991 -1.474 -0.958 -0.450 0.050 0.556 1.074 1.587 2.110 2.364 2.321 2.309 1.781 1.711 1.507 0.911 0.734 0.558 0.295 -0.055 -0.206 -0.134 -0.281 -0.427 -0.729 -0.866 -0.738 -0.638 -0.641 -0.643 -0.594 -0.587 -0.581 -0.577 -0.573 -0.567 -0.560 -0.558 -0.555 -0.503 -0.316 -0.247 -0.451
-5.803 -5.298 -4.793 -4.288 -3.783 -3.278 -2.773 -2.268 -1.763 -1.258 -0.753 -0.241 0.263 0.763 1.259 1.767 2.281 2.410 2.314 2.271 1.935 1.379 0.993 0.931 0.631 0.331 0.315 -0.035 -0.187 -0.175 -0.318 -0.465 -0.671 -0.880 -0.710 -0.656 -0.658 -0.651 -0.583 -0.576 -0.569 -0.563 -0.559 -0.555 -0.552 -0.551 -0.550 -0.501 -0.264 -0.300 -0.536
-5.698 -5.184 -4.670 -4.156 -3.642 -3.127 -2.613 -2.099 -1.585 -1.071 -0.557 -0.041 0.477 0.990 1.486 1.978 2.475 2.604 2.349 2.146 1.797 1.173 1.020 0.208 -0.007 0.268 0.295 0.091 -0.109 -0.195 -0.326 -0.461 -0.648 -0.661 -0.675 -0.804 -0.778 -0.649 -0.581 -0.574 -0.567 -0.561 -0.557 -0.553 -0.550 -0.549 -0.548 -0.499 -0.213 -0.363 -0.633
-5.671 -5.141 -4.610 -4.080 -3.549 -3.018 -2.488 -1.957 -1.427 -0.896 -0.365 0.195 0.731 1.249 1.631 2.061 2.553 2.651 2.385 2.130 0.380 -1.322 0.078 0.487 -0.156 0.248 0.381 0.230 0.030 -0.133 -0.264 -0.447 -0.541 -0.550 -0.563 -0.888 -0.775 -0.646 -0.579 -0.572 -0.565 -0.559 -0.555 -0.551 -0.548 -0.547 -0.546 -0.467 -0.162 -0.438 -0.741
-5.723 -5.169 -4.614 -4.060 -3.505 -2.950 -2.396 -1.841 -1.286 -0.732 -0.177 0.395 0.985 1.556 1.938 2.184 2.491 2.589 2.294 2.008 0.797 -0.452 0.047 0.703 0.452 0.228 0.361 0.222 0.032 -0.130 -0.276 -0.467 -0.561 -0.558 -0.559 -0.673 -0.677 -0.642 -0.575 -0.569 -0.563 -0.557 -0.553 -0.549 -0.546 -0.545 -0.544 -0.415 -0.177 -0.524 -0.859
-5.656 -5.089 -4.522 -3.956 -3.389 -2.823 -2.256 -1.689 -1.155 -0.625 -0.094 0.268 0.852 1.442 1.813 2.059 2.305 2.434 2.151 1.855 1.504 0.412 0.833 0.743 0.493 0.371 0.235 0.035 -0.165 -0.210 -0.341 -0.471 -0.596 -0.602 -0.599 -0.601 -0.605 -0.597 -0.570 -0.564 -0.558 -0.553 -0.549 -0.545 -0.297 -0.295 -0.294 -0.364 -0.241 -0.620 -0.988
-5.468 -4.925 -4.396 -3.866 -3.336 -2.806 -2.276 -1.746 -1.215 -0.684 -0.153 0.236 0.403 0.976 1.566 1.502 1.748 1.993 1.888 1.631 1.335 0.873 0.464 0.368 0.273 0.179 0.064 -0.136 -0.119 -0.140 -0.269 -0.394 -0.518 -0.643 -0.667 -0.670 -0.638 -0.592 -0.564 -0.558 -0.552 -0.548 -0.544 -0.176 0.200 0.202 0.100 -0.313 -0.315 -0.727 -1.129
-5.521 -4.991 -4.460 -3.930 -3.399 -2.869 -2.338 -1.806 -1.275 -0.743 -0.211 0.249 0.378 0.539 1.100 1.690 1.190 1.436 1.468 1.342 1.111 0.739 0.375 0.244 0.114 -0.013 -0.108 -0.141 -0.047 -0.067 -0.192 -0.316 -0.441 -0.566 -0.701 -0.679 -0.633 -0.587 -0.558 -0.552 -0.547 -0.543 -0.539 0.526 0.698 0.699 -0.019 -0.261 -0.400 -0.845 -1.280
-5.587 -5.056 -4.525 -3.994 -3.463 -2.931 -2.399 -1.867 -1.335 -0.803 -0.270 0.263 0.344 0.514 0.674 1.224 1.039 0.879 1.048 0.922 0.796 0.590 0.285 0.155 0.024 -0.043 -0.103 -0.137 -0.056 -0.015 -0.114 -0.239 -0.364 -0.526 -0.656 -0.674 -0.628 -0.583 -0.553 -0.547 -0.541 -0.537 -0.136 1.193 1.195 1.196 -0.137 -0.210 -0.497 -0.975 -1.442
-5.653 -5.122 -4.590 -4.058 -3.526 -2.994 -2.461 -1.929 -1.396 -0.863 -0.329 0.205 0.309 0.487 0.649 0.810 1.348 0.321 0.567 0.502 0.376 0.250 0.289 0.228 0.168 0.107 0.047 -0.003 -0.053 -0.015 -0.054 -0.171 -0.351 -0.514 -0.610 -0.665 -0.624 -0.578 -0.547 -0.541 -0.536 -0.532 0.565 1.691 1.692 1.383 -0.256 -0.159 -0.604 -1.115 -1.614
